0
1
11
-14
-8
4
0
0
1
0
1
12
0
12
4
160
120
170
120
170
240
160
240

1
21
-13
3
4
0
0
15
0
15
1
0
1
4
170
230
320
230
320
240
170
240

1
31
2
-8
4
0
0
1
0
1
12
0
12
4
320
120
330
120
330
240
320
240

1
41
-13
-8
4
0
0
15
0
15
1
0
1
4
170
120
320
120
320
130
170
130

2
52
-11
-5
12
1
0
1.5
0.133975
1.86603
0.5
2
1
1.86603
1.5
1.5
1.86603
1
2
0.5
1.86603
0.133975
1.5
0
1
0.133975
0.5
0.5
0.133975
12
200
150
205
151.34
208.66
155
210
160
208.66
165
205
168.66
200
170
195
168.66
191.34
165
190
160
191.34
155
195
151.34

2
62
-2
-2
12
1
0
1.5
0.133975
1.86603
0.5
2
1
1.86603
1.5
1.5
1.86603
1
2
0.5
1.86603
0.133975
1.5
0
1
0.133975
0.5
0.5
0.133975
12
290
180
295
181.34
298.66
185
300
190
298.66
195
295
198.66
290
200
285
198.66
281.34
195
280
190
281.34
185
285
181.34

