0
1
11
-15
-8
4
0
0
26
0
26
1
0
1
4
150
120
410
120
410
130
150
130

1
21
10
-7
4
0
0
1
0
1
16
0
16
4
400
130
410
130
410
290
400
290

1
31
-15
8
4
0
0
25
0
25
1
0
1
4
150
280
400
280
400
290
150
290

1
41
-15
-7
4
0
0
1
0
1
15
0
15
4
150
130
160
130
160
280
150
280

2
52
-11
-5
12
1
0
1.5
0.133975
1.86603
0.5
2
1
1.86603
1.5
1.5
1.86603
1
2
0.5
1.86603
0.133975
1.5
0
1
0.133975
0.5
0.5
0.133975
12
200
150
205
151.34
208.66
155
210
160
208.66
165
205
168.66
200
170
195
168.66
191.34
165
190
160
191.34
155
195
151.34

2
62
5
-3
12
1
0
1.5
0.133975
1.86603
0.5
2
1
1.86603
1.5
1.5
1.86603
1
2
0.5
1.86603
0.133975
1.5
0
1
0.133975
0.5
0.5
0.133975
12
360
170
365
171.34
368.66
175
370
180
368.66
185
365
188.66
360
190
355
188.66
351.34
185
350
180
351.34
175
355
171.34

2
72
-5
3
12
1
0
1.5
0.133975
1.86603
0.5
2
1
1.86603
1.5
1.5
1.86603
1
2
0.5
1.86603
0.133975
1.5
0
1
0.133975
0.5
0.5
0.133975
12
260
230
265
231.34
268.66
235
270
240
268.66
245
265
248.66
260
250
255
248.66
251.34
245
250
240
251.34
235
255
231.34

