0
1
11
-10
-14
4
0
0
1
0
1
25
0
25
4
200
60
210
60
210
310
200
310

1
21
-9
10
4
0
0
4
0
4
1
0
1
4
210
300
250
300
250
310
210
310

1
31
-6
-13
4
0
0
1
0
1
23
0
23
4
240
70
250
70
250
300
240
300

1
41
-9
-14
4
0
0
4
0
4
1
0
1
4
210
60
250
60
250
70
210
70

2
52
-9
-11
12
1
0
1.5
0.133975
1.86603
0.5
2
1
1.86603
1.5
1.5
1.86603
1
2
0.5
1.86603
0.133975
1.5
0
1
0.133975
0.5
0.5
0.133975
12
220
90
225
91.3397
228.66
95
230
100
228.66
105
225
108.66
220
110
215
108.66
211.34
105
210
100
211.34
95
215
91.3397

2
62
-8
-7
12
1
0
1.5
0.133975
1.86603
0.5
2
1
1.86603
1.5
1.5
1.86603
1
2
0.5
1.86603
0.133975
1.5
0
1
0.133975
0.5
0.5
0.133975
12
230
130
235
131.34
238.66
135
240
140
238.66
145
235
148.66
230
150
225
148.66
221.34
145
220
140
221.34
135
225
131.34

2
72
-9
-3
12
1
0
1.5
0.133975
1.86603
0.5
2
1
1.86603
1.5
1.5
1.86603
1
2
0.5
1.86603
0.133975
1.5
0
1
0.133975
0.5
0.5
0.133975
12
220
170
225
171.34
228.66
175
230
180
228.66
185
225
188.66
220
190
215
188.66
211.34
185
210
180
211.34
175
215
171.34

2
82
-8
1
12
1
0
1.5
0.133975
1.86603
0.5
2
1
1.86603
1.5
1.5
1.86603
1
2
0.5
1.86603
0.133975
1.5
0
1
0.133975
0.5
0.5
0.133975
12
230
210
235
211.34
238.66
215
240
220
238.66
225
235
228.66
230
230
225
228.66
221.34
225
220
220
221.34
215
225
211.34

