2
0
3
0
-1
-26
2
-26
-1
1
131
-28
-3
4
0
0
1
0
1
8
0
8
4
20
170
30
170
30
250
20
250

1
141
-27
-3
4
0
0
26
0
26
1
0
1
4
30
170
290
170
290
180
30
180

1
151
-27
4
4
0
0
26
0
26
1
0
1
4
30
240
290
240
290
250
30
250

1
161
-2
-2
4
0
0
1
0
1
6
0
6
4
280
180
290
180
290
240
280
240

1
171
-1
-3
4
0
0
4
0
4
1
0
1
4
290
170
330
170
330
180
290
180

1
181
-1
4
4
0
0
4
0
4
1
0
1
4
290
240
330
240
330
250
290
250

1
191
2
-2
4
0
0
1
0
1
6
0
6
4
320
180
330
180
330
240
320
240

2
202
-5
1
12
1
0
1.5
0.133975
1.86603
0.5
2
1
1.86603
1.5
1.5
1.86603
1
2
0.5
1.86603
0.133975
1.5
0
1
0.133975
0.5
0.5
0.133975
12
260
210
265
211.34
268.66
215
270
220
268.66
225
265
228.66
260
230
255
228.66
251.34
225
250
220
251.34
215
255
211.34

