11
-14
-2
-4
-2
-4
-5
-4
-2
4
-5
4
-2
4
-2
-4
-2
-4
-2
-4
2
0
4
-4
4
-4
4
-4
2
-4
2
-9
2
-9
2
-12
2
-12
2
-19
2
-19
2
-30
2
1
301
-20
-11
4
0
0
1
0
1
12
0
12
4
320
156
352
156
352
540
320
540

1
311
-19
-11
4
0
0
32
0
32
1
0
1
4
352
156
1376
156
1376
188
352
188

1
321
12
-10
4
0
0
1
0
1
20
0
20
4
1344
188
1376
188
1376
828
1344
828

1
331
-20
9
4
0
0
32
0
32
1
0
1
4
320
796
1344
796
1344
828
320
828

1
341
-20
4
4
0
0
1
0
1
5
0
5
4
320
636
352
636
352
796
320
796

1
351
-19
0
4
0
0
8
0
8
1
0
1
4
352
508
608
508
608
540
352
540

1
361
-12
-10
4
0
0
1
0
1
7
0
7
4
576
188
608
188
608
412
576
412

1
371
-11
-4
4
0
0
6
0
6
1
0
1
4
608
380
800
380
800
412
608
412

1
381
-11
0
4
0
0
6
0
6
1
0
1
4
608
508
800
508
800
540
608
540

1
391
-2
0
4
0
0
14
0
14
1
0
1
4
896
508
1344
508
1344
540
896
540

1
401
-2
-4
4
0
0
3
0
3
1
0
1
4
896
380
992
380
992
412
896
412

1
411
0
-10
4
0
0
1
0
1
6
0
6
4
960
188
992
188
992
380
960
380

1
421
1
-4
4
0
0
2
0
2
1
0
1
4
992
380
1056
380
1056
412
992
412

1
431
6
-4
4
0
0
6
0
6
1
0
1
4
1152
380
1344
380
1344
412
1152
412

1
441
-11
5
4
0
0
1
0
1
4
0
4
4
608
668
640
668
640
796
608
796

1
451
-2
1
4
0
0
1
0
1
2
0
2
4
896
540
928
540
928
604
896
604

1
461
-2
6
4
0
0
1
0
1
3
0
3
4
896
700
928
700
928
796
896
796

