12
-16
-5
-16
-2
-16
-2
-4
-2
-4
-7
-4
-2
4
-7
4
-2
4
-2
-4
-2
-4
-2
-4
2
1
4
-4
4
-4
4
-4
2
-4
2
-8
2
-8
2
-13
2
-13
2
-17
2
-17
2
-30
2
2
182
-18
-8
12
1
0
1.5
0.133975
1.86603
0.5
2
1
1.86603
1.5
1.5
1.86603
1
2
0.5
1.86603
0.133975
1.5
0
1
0.133975
0.5
0.5
0.133975
12
416
252
432
256.287
443.713
268
448
284
443.713
300
432
311.713
416
316
400
311.713
388.287
300
384
284
388.287
268
400
256.287

2
192
-9
-8
12
1
0
1.5
0.133975
1.86603
0.5
2
1
1.86603
1.5
1.5
1.86603
1
2
0.5
1.86603
0.133975
1.5
0
1
0.133975
0.5
0.5
0.133975
12
704
252
720
256.287
731.713
268
736
284
731.713
300
720
311.713
704
316
688
311.713
676.287
300
672
284
676.287
268
688
256.287

2
202
8
-8
12
1
0
1.5
0.133975
1.86603
0.5
2
1
1.86603
1.5
1.5
1.86603
1
2
0.5
1.86603
0.133975
1.5
0
1
0.133975
0.5
0.5
0.133975
12
1248
252
1264
256.287
1275.71
268
1280
284
1275.71
300
1264
311.713
1248
316
1232
311.713
1220.29
300
1216
284
1220.29
268
1232
256.287

2
212
8
4
12
1
0
1.5
0.133975
1.86603
0.5
2
1
1.86603
1.5
1.5
1.86603
1
2
0.5
1.86603
0.133975
1.5
0
1
0.133975
0.5
0.5
0.133975
12
1248
636
1264
640.287
1275.71
652
1280
668
1275.71
684
1264
695.713
1248
700
1232
695.713
1220.29
684
1216
668
1220.29
652
1232
640.287

2
222
-7
6
12
1
0
1.5
0.133975
1.86603
0.5
2
1
1.86603
1.5
1.5
1.86603
1
2
0.5
1.86603
0.133975
1.5
0
1
0.133975
0.5
0.5
0.133975
12
768
700
784
704.287
795.713
716
800
732
795.713
748
784
759.713
768
764
752
759.713
740.287
748
736
732
740.287
716
752
704.287

2
232
-17
6
12
1
0
1.5
0.133975
1.86603
0.5
2
1
1.86603
1.5
1.5
1.86603
1
2
0.5
1.86603
0.133975
1.5
0
1
0.133975
0.5
0.5
0.133975
12
448
700
464
704.287
475.713
716
480
732
475.713
748
464
759.713
448
764
432
759.713
420.287
748
416
732
420.287
716
432
704.287

1
301
-20
-11
4
0
0
1
0
1
12
0
12
4
320
156
352
156
352
540
320
540

1
311
-19
-11
4
0
0
32
0
32
1
0
1
4
352
156
1376
156
1376
188
352
188

1
321
12
-10
4
0
0
1
0
1
20
0
20
4
1344
188
1376
188
1376
828
1344
828

1
331
-20
9
4
0
0
32
0
32
1
0
1
4
320
796
1344
796
1344
828
320
828

1
341
-20
4
4
0
0
1
0
1
5
0
5
4
320
636
352
636
352
796
320
796

1
351
-19
0
4
0
0
8
0
8
1
0
1
4
352
508
608
508
608
540
352
540

1
361
-12
-10
4
0
0
1
0
1
7
0
7
4
576
188
608
188
608
412
576
412

1
371
-11
-4
4
0
0
6
0
6
1
0
1
4
608
380
800
380
800
412
608
412

1
381
-11
0
4
0
0
6
0
6
1
0
1
4
608
508
800
508
800
540
608
540

1
391
-2
0
4
0
0
14
0
14
1
0
1
4
896
508
1344
508
1344
540
896
540

1
401
-2
-4
4
0
0
3
0
3
1
0
1
4
896
380
992
380
992
412
896
412

1
411
0
-10
4
0
0
1
0
1
6
0
6
4
960
188
992
188
992
380
960
380

1
421
1
-4
4
0
0
2
0
2
1
0
1
4
992
380
1056
380
1056
412
992
412

1
431
6
-4
4
0
0
6
0
6
1
0
1
4
1152
380
1344
380
1344
412
1152
412

1
441
-11
5
4
0
0
1
0
1
4
0
4
4
608
668
640
668
640
796
608
796

1
451
-2
1
4
0
0
1
0
1
2
0
2
4
896
540
928
540
928
604
896
604

1
461
-2
6
4
0
0
1
0
1
3
0
3
4
896
700
928
700
928
796
896
796

