11
-14
-2
-4
-2
-4
-5
-4
-2
4
-5
4
-2
4
-2
-4
-2
-4
-2
-4
2
0
4
-4
4
-4
4
-4
2
-4
2
-9
2
-9
2
-12
2
-12
2
-19
2
-19
2
-30
2
1
301
-20
-11
4
0
0
1
0
1
12
0
12
4
320
156
352
156
352
540
320
540

1
311
-19
-11
4
0
0
32
0
32
1
0
1
4
352
156
1376
156
1376
188
352
188

1
321
12
-10
4
0
0
1
0
1
20
0
20
4
1344
188
1376
188
1376
828
1344
828

1
331
-20
9
4
0
0
32
0
32
1
0
1
4
320
796
1344
796
1344
828
320
828

1
341
-20
4
4
0
0
1
0
1
5
0
5
4
320
636
352
636
352
796
320
796

1
351
-19
0
4
0
0
8
0
8
1
0
1
4
352
508
608
508
608
540
352
540

1
361
-12
-10
4
0
0
1
0
1
7
0
7
4
576
188
608
188
608
412
576
412

1
371
-11
-4
4
0
0
6
0
6
1
0
1
4
608
380
800
380
800
412
608
412

1
381
-11
0
4
0
0
6
0
6
1
0
1
4
608
508
800
508
800
540
608
540

1
391
-2
0
4
0
0
14
0
14
1
0
1
4
896
508
1344
508
1344
540
896
540

1
401
-2
-4
4
0
0
3
0
3
1
0
1
4
896
380
992
380
992
412
896
412

2
402
-18
-8
12
1
0
1.5
0.133975
1.86603
0.5
2
1
1.86603
1.5
1.5
1.86603
1
2
0.5
1.86603
0.133975
1.5
0
1
0.133975
0.5
0.5
0.133975
12
416
252
432
256.287
443.713
268
448
284
443.713
300
432
311.713
416
316
400
311.713
388.287
300
384
284
388.287
268
400
256.287

1
411
0
-10
4
0
0
1
0
1
6
0
6
4
960
188
992
188
992
380
960
380

2
412
-8
-8
12
1
0
1.5
0.133975
1.86603
0.5
2
1
1.86603
1.5
1.5
1.86603
1
2
0.5
1.86603
0.133975
1.5
0
1
0.133975
0.5
0.5
0.133975
12
736
252
752
256.287
763.713
268
768
284
763.713
300
752
311.713
736
316
720
311.713
708.287
300
704
284
708.287
268
720
256.287

1
421
1
-4
4
0
0
2
0
2
1
0
1
4
992
380
1056
380
1056
412
992
412

2
422
9
-7
12
1
0
1.5
0.133975
1.86603
0.5
2
1
1.86603
1.5
1.5
1.86603
1
2
0.5
1.86603
0.133975
1.5
0
1
0.133975
0.5
0.5
0.133975
12
1280
284
1296
288.287
1307.71
300
1312
316
1307.71
332
1296
343.713
1280
348
1264
343.713
1252.29
332
1248
316
1252.29
300
1264
288.287

1
431
6
-4
4
0
0
6
0
6
1
0
1
4
1152
380
1344
380
1344
412
1152
412

2
432
-18
6
12
1
0
1.5
0.133975
1.86603
0.5
2
1
1.86603
1.5
1.5
1.86603
1
2
0.5
1.86603
0.133975
1.5
0
1
0.133975
0.5
0.5
0.133975
12
416
700
432
704.287
443.713
716
448
732
443.713
748
432
759.713
416
764
400
759.713
388.287
748
384
732
388.287
716
400
704.287

1
441
-11
5
4
0
0
1
0
1
4
0
4
4
608
668
640
668
640
796
608
796

2
442
-6
6
12
1
0
1.5
0.133975
1.86603
0.5
2
1
1.86603
1.5
1.5
1.86603
1
2
0.5
1.86603
0.133975
1.5
0
1
0.133975
0.5
0.5
0.133975
12
800
700
816
704.287
827.713
716
832
732
827.713
748
816
759.713
800
764
784
759.713
772.287
748
768
732
772.287
716
784
704.287

1
451
-2
1
4
0
0
1
0
1
2
0
2
4
896
540
928
540
928
604
896
604

2
452
6
2
12
1
0
1.5
0.133975
1.86603
0.5
2
1
1.86603
1.5
1.5
1.86603
1
2
0.5
1.86603
0.133975
1.5
0
1
0.133975
0.5
0.5
0.133975
12
1184
572
1200
576.287
1211.71
588
1216
604
1211.71
620
1200
631.713
1184
636
1168
631.713
1156.29
620
1152
604
1156.29
588
1168
576.287

1
461
-2
6
4
0
0
1
0
1
3
0
3
4
896
700
928
700
928
796
896
796

2
462
1
6
12
1
0
1.5
0.133975
1.86603
0.5
2
1
1.86603
1.5
1.5
1.86603
1
2
0.5
1.86603
0.133975
1.5
0
1
0.133975
0.5
0.5
0.133975
12
1024
700
1040
704.287
1051.71
716
1056
732
1051.71
748
1040
759.713
1024
764
1008
759.713
996.287
748
992
732
996.287
716
1008
704.287

2
472
9
-2
12
1
0
1.5
0.133975
1.86603
0.5
2
1
1.86603
1.5
1.5
1.86603
1
2
0.5
1.86603
0.133975
1.5
0
1
0.133975
0.5
0.5
0.133975
12
1280
444
1296
448.287
1307.71
460
1312
476
1307.71
492
1296
503.713
1280
508
1264
503.713
1252.29
492
1248
476
1252.29
460
1264
448.287

