11
-14
-2
-4
-2
-4
-5
-4
-2
4
-5
4
-2
4
-2
-4
-2
-4
-2
-4
2
0
4
-4
4
-4
4
-4
2
-4
2
-9
2
-9
2
-12
2
-12
2
-19
2
-19
2
-30
2
2
182
9
-7
12
1
0
1.5
0.133975
1.86603
0.5
2
1
1.86603
1.5
1.5
1.86603
1
2
0.5
1.86603
0.133975
1.5
0
1
0.133975
0.5
0.5
0.133975
12
1280
284
1296
288.287
1307.71
300
1312
316
1307.71
332
1296
343.713
1280
348
1264
343.713
1252.29
332
1248
316
1252.29
300
1264
288.287

2
192
6
-3
12
1
0
1.5
0.133975
1.86603
0.5
2
1
1.86603
1.5
1.5
1.86603
1
2
0.5
1.86603
0.133975
1.5
0
1
0.133975
0.5
0.5
0.133975
12
1184
412
1200
416.287
1211.71
428
1216
444
1211.71
460
1200
471.713
1184
476
1168
471.713
1156.29
460
1152
444
1156.29
428
1168
416.287

2
202
-3
-7
12
1
0
1.5
0.133975
1.86603
0.5
2
1
1.86603
1.5
1.5
1.86603
1
2
0.5
1.86603
0.133975
1.5
0
1
0.133975
0.5
0.5
0.133975
12
896
284
912
288.287
923.713
300
928
316
923.713
332
912
343.713
896
348
880
343.713
868.287
332
864
316
868.287
300
880
288.287

2
212
-18
-3
12
1
0
1.5
0.133975
1.86603
0.5
2
1
1.86603
1.5
1.5
1.86603
1
2
0.5
1.86603
0.133975
1.5
0
1
0.133975
0.5
0.5
0.133975
12
416
412
432
416.287
443.713
428
448
444
443.713
460
432
471.713
416
476
400
471.713
388.287
460
384
444
388.287
428
400
416.287

2
222
3
6
12
1
0
1.5
0.133975
1.86603
0.5
2
1
1.86603
1.5
1.5
1.86603
1
2
0.5
1.86603
0.133975
1.5
0
1
0.133975
0.5
0.5
0.133975
12
1088
700
1104
704.287
1115.71
716
1120
732
1115.71
748
1104
759.713
1088
764
1072
759.713
1060.29
748
1056
732
1060.29
716
1072
704.287

2
232
-9
7
12
1
0
1.5
0.133975
1.86603
0.5
2
1
1.86603
1.5
1.5
1.86603
1
2
0.5
1.86603
0.133975
1.5
0
1
0.133975
0.5
0.5
0.133975
12
704
732
720
736.287
731.713
748
736
764
731.713
780
720
791.713
704
796
688
791.713
676.287
780
672
764
676.287
748
688
736.287

2
242
-15
6
12
1
0
1.5
0.133975
1.86603
0.5
2
1
1.86603
1.5
1.5
1.86603
1
2
0.5
1.86603
0.133975
1.5
0
1
0.133975
0.5
0.5
0.133975
12
512
700
528
704.287
539.713
716
544
732
539.713
748
528
759.713
512
764
496
759.713
484.287
748
480
732
484.287
716
496
704.287

1
301
-20
-11
4
0
0
1
0
1
12
0
12
4
320
156
352
156
352
540
320
540

1
311
-19
-11
4
0
0
32
0
32
1
0
1
4
352
156
1376
156
1376
188
352
188

1
321
12
-10
4
0
0
1
0
1
20
0
20
4
1344
188
1376
188
1376
828
1344
828

1
331
-20
9
4
0
0
32
0
32
1
0
1
4
320
796
1344
796
1344
828
320
828

1
341
-20
4
4
0
0
1
0
1
5
0
5
4
320
636
352
636
352
796
320
796

1
351
-19
0
4
0
0
8
0
8
1
0
1
4
352
508
608
508
608
540
352
540

1
361
-12
-10
4
0
0
1
0
1
7
0
7
4
576
188
608
188
608
412
576
412

1
371
-11
-4
4
0
0
6
0
6
1
0
1
4
608
380
800
380
800
412
608
412

1
381
-11
0
4
0
0
6
0
6
1
0
1
4
608
508
800
508
800
540
608
540

1
391
-2
0
4
0
0
14
0
14
1
0
1
4
896
508
1344
508
1344
540
896
540

1
401
-2
-4
4
0
0
3
0
3
1
0
1
4
896
380
992
380
992
412
896
412

1
411
0
-10
4
0
0
1
0
1
6
0
6
4
960
188
992
188
992
380
960
380

1
421
1
-4
4
0
0
2
0
2
1
0
1
4
992
380
1056
380
1056
412
992
412

1
431
6
-4
4
0
0
6
0
6
1
0
1
4
1152
380
1344
380
1344
412
1152
412

1
441
-11
5
4
0
0
1
0
1
4
0
4
4
608
668
640
668
640
796
608
796

1
451
-2
1
4
0
0
1
0
1
2
0
2
4
896
540
928
540
928
604
896
604

1
461
-2
6
4
0
0
1
0
1
3
0
3
4
896
700
928
700
928
796
896
796

