0
1
11
-15
-10
4
0
0
1
0
1
16
0
16
4
150
100
160
100
160
260
150
260

1
21
-14
5
4
0
0
25
0
25
1
0
1
4
160
250
410
250
410
260
160
260

1
31
11
-10
4
0
0
1
0
1
16
0
16
4
410
100
420
100
420
260
410
260

1
41
-15
-11
4
0
0
27
0
27
1
0
1
4
150
90
420
90
420
100
150
100

2
52
-4
-4
12
1
0
1.5
0.133975
1.86603
0.5
2
1
1.86603
1.5
1.5
1.86603
1
2
0.5
1.86603
0.133975
1.5
0
1
0.133975
0.5
0.5
0.133975
12
270
160
275
161.34
278.66
165
280
170
278.66
175
275
178.66
270
180
265
178.66
261.34
175
260
170
261.34
165
265
161.34

