1
11
-20
-15
4
0
0
2
0
2
2
0
2
4
100
50
120
50
120
70
100
70

1
21
-18
-13
4
0
0
2
0
2
3
0
3
4
120
70
140
70
140
100
120
100

1
31
-20
-10
4
0
0
2
0
2
2
0
2
4
100
100
120
100
120
120
100
120

1
41
-16
-10
4
0
0
2
0
2
2
0
2
4
140
100
160
100
160
120
140
120

1
51
-16
-15
4
0
0
2
0
2
2
0
2
4
140
50
160
50
160
70
140
70

1
61
-12
-15
4
0
0
2
0
2
2
0
2
4
180
50
200
50
200
70
180
70

1
71
-10
-13
4
0
0
1
0
1
2
0
2
4
200
70
210
70
210
90
200
90

1
81
-9
-12
4
0
0
2
0
2
1
0
1
4
210
80
230
80
230
90
210
90

1
91
-8
-14
4
0
0
2
0
2
2
0
2
4
220
60
240
60
240
80
220
80

1
101
-7
-15
4
0
0
2
0
2
1
0
1
4
230
50
250
50
250
60
230
60

1
111
-8
-12
4
0
0
2
0
2
2
0
2
4
220
80
240
80
240
100
220
100

1
121
-9
-10
4
0
0
2
0
2
2
0
2
4
210
100
230
100
230
120
210
120

1
131
-11
-9
4
0
0
2
0
2
1
0
1
4
190
110
210
110
210
120
190
120

1
141
-3
-15
4
0
0
2
0
2
7
0
7
4
270
50
290
50
290
120
270
120

1
151
-1
-11
4
0
0
1
0
1
2
0
2
4
290
90
300
90
300
110
290
110

1
161
0
-12
4
0
0
1
0
1
2
0
2
4
300
80
310
80
310
100
300
100

1
171
1
-14
4
0
0
1
0
1
3
0
3
4
310
60
320
60
320
90
310
90

1
181
2
-15
4
0
0
2
0
2
7
0
7
4
320
50
340
50
340
120
320
120

1
191
-1
-18
4
0
0
2
0
2
1
0
1
4
290
20
310
20
310
30
290
30

1
201
0
-17
4
0
0
2
0
2
1
0
1
4
300
30
320
30
320
40
300
40

